255 255 255 253 249 255 255 251 251 255 255 249 253 255 255 255
255 253 231 181  72 247 241 135 123 231 247  72 181 231 253 255
255 231   0   0  72 167  87 114   0   0 167  72   0   0 231 255
253 181   0   0  72 187  33   0   0  33 187  72   0   0 181 253
249  72  72  72 123 255 151  34  72 181 255 123  72  72  72 249
255 255 241 187 255 255 187 166 208 167 167 230 187 241 176 252
255 255 231 114 151 151 151 200 175  42  68 212  56 128 108 250
255 255 236 106  34 120 120 183 255 104  89 135 123  19 123 251
255 242 101   0  72 255 255 191 120  49  89 135 123  19 123 251
255 231  24 151 138 156 255 206  71  90 219 146  23   0  94 250
255 247 181 255 230 197 187 166 120 151 255 192  37 141 167 252
249  72  72  72 123 192 117 217 120 151 255 123  16 215 255 255
253 181   0   0  72 236 141 149 120 151 124  16   0  47  56 249
255 231   0   0  72 181 111 133  19 151  88   0 168 215  20 247
255 253 231 181  72 247 241 244 231 108 160  65  19  24   2 247
255 255 255 253 249 255 255 255 255 250 252 249 247 247 247 255
255 255 255 253 249 255 255 251 251 255 255 249 253 255 255 255
255 253 231 181  72 247 241 135 123 231 247  72 181 231 253 255
255 231   0   0  72 167  87 114   0   0 167  72   0   0 231 255
253 181   0   0  72 187  33   0   0  33 187  72   0   0 181 253
249  72  72  72 123 255 151  34  72 181 255 123  72  72  72 249
255 255 241 187 255 255 187 166 208 167 167 230 187 241 176 252
255 255 231 114 151 151 151 200 175  42  68 212  56 128 108 250
255 255 236 106  34 120 120 183 255 104  89 135 123  19 123 251
255 242 101   0  72 255 255 191 120  49  89 135 123  19 123 251
255 231  24 151 138 156 255 206  71  90 219 146  23   0  94 250
255 247 181 255 230 197 187 166 120 151 255 192  37 141 167 252
249  72  72  72 123 192 117 217 120 151 255 123  16 215 255 255
253 181   0   0  72 236 141 149 120 151 124  16   0  47  56 249
255 231   0   0  72 181 111 133  19 151  88   0 168 215  20 247
255 253 231 181  72 247 241 244 231 108 160  65  19  24   2 247
255 255 255 253 249 255 255 255 255 250 252 249 247 247 247 255
255 255 255 253 249 255 255 251 251 255 255 249 253 255 255 255
255 253 231 181  72 247 241 135 123 231 247  72 181 231 253 255
255 231   0   0  72 167  87 114   0   0 167  72   0   0 231 255
253 181   0   0  72 187  33   0   0  33 187  72   0   0 181 253
249  72  72  72 123 255 151  34  72 181 255 123  72  72  72 249
255 255 241 187 255 255 187 166 208 167 167 230 187 241 176 252
255 255 231 114 151 151 151 200 175  42  68 212  56 128 108 250
255 255 236 106  34 120 120 183 255 104  89 135 123  19 123 251
255 242 101   0  72 255 255 191 120  49  89 135 123  19 123 251
255 231  24 151 138 156 255 206  71  90 219 146  23   0  94 250
255 247 181 255 230 197 187 166 120 151 255 192  37 141 167 252
249  72  72  72 123 192 117 217 120 151 255 123  16 215 255 255
253 181   0   0  72 236 141 149 120 151 124  16   0  47  56 249
255 231   0   0  72 181 111 133  19 151  88   0 168 215  20 247
255 253 231 181  72 247 241 244 231 108 160  65  19  24   2 247
255 255 255 253 249 255 255 255 255 250 252 249 247 247 247 255

255 255 255 253 249 252 250 251 251 250 252 255 249 247 247 255
255 253 231 181  72 176 108 123 123  94 167 255  56  20   2 247
255 231   0   0  72 241 128  19  19   0 141 215  47 215  24 247
253 181   0   0  72 187  56 123 123  23  37  16   0 168  19 247
249  72  72  72 123 230 212 135 135 146 192 123  16   0  65 249
255 247 167 187 255 167  68  89  89 219 255 255 124  88 160 252
255 231   0  33 181 167  42 104  49  90 151 151 151 151 108 250
251 123   0   0  72 208 175 255 120  71 120 120 120  19 231 255
251 135 114   0  34 166 200 183 191 206 166 217 149 133 244 255
255 241  87  33 151 187 151 120 255 255 187 117 141 111 241 255
255 247 167 187 255 255 151 120 255 156 197 192 236 181 247 255
249  72  72  72 123 255 151  34  72 138 230 123  72  72  72 249
253 181   0   0  72 187 114 106   0 151 255  72   0   0 181 253
255 231   0   0  72 241 231 236 101  24 181  72   0   0 231 255
255 253 231 181  72 255 255 255 242 231 247  72 181 231 253 255
255 255 255 253 249 255 255 255 255 255 255 249 253 255 255 255
255 255 255 253 249 252 250 251 251 250 252 255 249 247 247 255
255 253 231 181  72 176 108 123 123  94 167 255  56  20   2 247
255 231   0   0  72 241 128  19  19   0 141 215  47 215  24 247
253 181   0   0  72 187  56 123 123  23  37  16   0 168  19 247
249  72  72  72 123 230 212 135 135 146 192 123  16   0  65 249
255 247 167 187 255 167  68  89  89 219 255 255 124  88 160 252
255 231   0  33 181 167  42 104  49  90 151 151 151 151 108 250
251 123   0   0  72 208 175 255 120  71 120 120 120  19 231 255
251 135 114   0  34 166 200 183 191 206 166 217 149 133 244 255
255 241  87  33 151 187 151 120 255 255 187 117 141 111 241 255
255 247 167 187 255 255 151 120 255 156 197 192 236 181 247 255
249  72  72  72 123 255 151  34  72 138 230 123  72  72  72 249
253 181   0   0  72 187 114 106   0 151 255  72   0   0 181 253
255 231   0   0  72 241 231 236 101  24 181  72   0   0 231 255
255 253 231 181  72 255 255 255 242 231 247  72 181 231 253 255
255 255 255 253 249 255 255 255 255 255 255 249 253 255 255 255
255 255 255 253 249 252 250 251 251 250 252 255 249 247 247 255
255 253 231 181  72 176 108 123 123  94 167 255  56  20   2 247
255 231   0   0  72 241 128  19  19   0 141 215  47 215  24 247
253 181   0   0  72 187  56 123 123  23  37  16   0 168  19 247
249  72  72  72 123 230 212 135 135 146 192 123  16   0  65 249
255 247 167 187 255 167  68  89  89 219 255 255 124  88 160 252
255 231   0  33 181 167  42 104  49  90 151 151 151 151 108 250
251 123   0   0  72 208 175 255 120  71 120 120 120  19 231 255
251 135 114   0  34 166 200 183 191 206 166 217 149 133 244 255
255 241  87  33 151 187 151 120 255 255 187 117 141 111 241 255
255 247 167 187 255 255 151 120 255 156 197 192 236 181 247 255
249  72  72  72 123 255 151  34  72 138 230 123  72  72  72 249
253 181   0   0  72 187 114 106   0 151 255  72   0   0 181 253
255 231   0   0  72 241 231 236 101  24 181  72   0   0 231 255
255 253 231 181  72 255 255 255 242 231 247  72 181 231 253 255
255 255 255 253 249 255 255 255 255 255 255 249 253 255 255 255

216 157 201 244 246 222 186 188 216 237 221 169 158 159 159 216
219  52  68 103 104 148  91  99 133 161 175  90 127 138 145 160
193  52 122 157  44  84  93  53 109 107 179 112  33   6 147 160
168  44  36  16  48 106 128 101 106 131 174  90  50  35 128 160
232 195 145  48 144 163 160 172 197 141 179 102 113 117  95 178
250 181 115  32 117 152 160 179 161 145 151 152 217 153 172 225
246 118  81  26 115 149 119 118 126 168 124 110 169  88 150 223
218  94 100 118 142  95  89 118 126 183 160 111 109 132 152 222
221  88  79 137 120 157 138 157 165 117  74 109 171 152 176 246
232  98  90 109 167 119  88 126 193 162 126 131  98 152 166 195
218 136 154 190 212 192 188 178 132 187 230 172 119 202 172 201
169  85 101 103 106 193 199 168 126 143 177  88  90 113  88 175
158 127  33  50  96 119  88 130 122  88 171 104  49  32 133 160
159 138   6  35 114 162 112 106 142  74 120 100  32   4 147 160
159 145 147 128 108 196 135  81 128 166 160  84 133 147 144 160
216 160 160 160 178 197 160 198 246 241 224 175 160 160 160 220
216 157 201 244 246 222 186 188 216 237 221 169 158 159 159 216
219  52  68 103 104 148  91  99 133 161 175  90 127 138 145 160
193  52 122 157  44  84  93  53 109 107 179 112  33   6 147 160
168  44  36  16  48 106 128 101 106 131 174  90  50  35 128 160
232 195 145  48 144 163 160 172 197 141 179 102 113 117  95 178
250 181 115  32 117 152 160 179 161 145 151 152 217 153 172 225
246 118  81  26 115 149 119 118 126 168 124 110 169  88 150 223
218  94 100 118 142  95  89 118 126 183 160 111 109 132 152 222
221  88  79 137 120 157 138 157 165 117  74 109 171 152 176 246
232  98  90 109 167 119  88 126 193 162 126 131  98 152 166 195
218 136 154 190 212 192 188 178 132 187 230 172 119 202 172 201
169  85 101 103 106 193 199 168 126 143 177  88  90 113  88 175
158 127  33  50  96 119  88 130 122  88 171 104  49  32 133 160
159 138   6  35 114 162 112 106 142  74 120 100  32   4 147 160
159 145 147 128 108 196 135  81 128 166 160  84 133 147 144 160
216 160 160 160 178 197 160 198 246 241 224 175 160 160 160 220
216 157 201 244 246 222 186 188 216 237 221 169 158 159 159 216
219  52  68 103 104 148  91  99 133 161 175  90 127 138 145 160
193  52 122 157  44  84  93  53 109 107 179 112  33   6 147 160
168  44  36  16  48 106 128 101 106 131 174  90  50  35 128 160
232 195 145  48 144 163 160 172 197 141 179 102 113 117  95 178
250 181 115  32 117 152 160 179 161 145 151 152 217 153 172 225
246 118  81  26 115 149 119 118 126 168 124 110 169  88 150 223
218  94 100 118 142  95  89 118 126 183 160 111 109 132 152 222
221  88  79 137 120 157 138 157 165 117  74 109 171 152 176 246
232  98  90 109 167 119  88 126 193 162 126 131  98 152 166 195
218 136 154 190 212 192 188 178 132 187 230 172 119 202 172 201
169  85 101 103 106 193 199 168 126 143 177  88  90 113  88 175
158 127  33  50  96 119  88 130 122  88 171 104  49  32 133 160
159 138   6  35 114 162 112 106 142  74 120 100  32   4 147 160
159 145 147 128 108 196 135  81 128 166 160  84 133 147 144 160
216 160 160 160 178 197 160 198 246 241 224 175 160 160 160 220

216 160 160 159 174 223 222 219 243 197 198 174 159 160 160 216
160 145 143 128  93 172 149 151 175 167 173  93 128 143 145 160
160 143   6  35 114 161  90 132 153 151 196 118  35   6 143 160
159 128  35  51 107 215 171 109 166 106 117  92  51  35 128 159
174  93 118  95 104 154 110 111 109 129 174  97 107 104  89 174
223 175 175 174 176 154 126 162  80 121 230 180 166 118 159 223
240 164 109 127 144 144 166 182 123 160 185 143  92  80 164 240
217 132 108 105 199 164 129 123 165 191 138 127 123 139 126 242
192 101  52  95 170 178 122 115 159 125 176 171 132 108  84 192
189  91  95 132 163 159 124  84 137  91 183 202  90 110 136 159
227 154  82  99 164 150 154  97 156 125 186 195 125 164 198 199
250 103  45  45 144 120 109 147 117 168 213 108  92 110 104 175
250 101 169  14  45  31  22 113 142 106 185 110  51  35 128 159
205  64 125  33 150 122  83 100  78  89 151 104  35   6 143 160
160  52  52  39 194 187 118  98  86 100 133  89 128 143 145 160
218 226 201 170 233 253 251 225 224 238 222 174 159 160 160 216
216 160 160 159 174 223 222 219 243 197 198 174 159 160 160 216
160 145 143 128  93 172 149 151 175 167 173  93 128 143 145 160
160 143   6  35 114 161  90 132 153 151 196 118  35   6 143 160
159 128  35  51 107 215 171 109 166 106 117  92  51  35 128 159
174  93 118  95 104 154 110 111 109 129 174  97 107 104  89 174
223 175 175 174 176 154 126 162  80 121 230 180 166 118 159 223
240 164 109 127 144 144 166 182 123 160 185 143  92  80 164 240
217 132 108 105 199 164 129 123 165 191 138 127 123 139 126 242
192 101  52  95 170 178 122 115 159 125 176 171 132 108  84 192
189  91  95 132 163 159 124  84 137  91 183 202  90 110 136 159
227 154  82  99 164 150 154  97 156 125 186 195 125 164 198 199
250 103  45  45 144 120 109 147 117 168 213 108  92 110 104 175
250 101 169  14  45  31  22 113 142 106 185 110  51  35 128 159
205  64 125  33 150 122  83 100  78  89 151 104  35   6 143 160
160  52  52  39 194 187 118  98  86 100 133  89 128 143 145 160
218 226 201 170 233 253 251 225 224 238 222 174 159 160 160 216
216 160 160 159 174 223 222 219 243 197 198 174 159 160 160 216
160 145 143 128  93 172 149 151 175 167 173  93 128 143 145 160
160 143   6  35 114 161  90 132 153 151 196 118  35   6 143 160
159 128  35  51 107 215 171 109 166 106 117  92  51  35 128 159
174  93 118  95 104 154 110 111 109 129 174  97 107 104  89 174
223 175 175 174 176 154 126 162  80 121 230 180 166 118 159 223
240 164 109 127 144 144 166 182 123 160 185 143  92  80 164 240
217 132 108 105 199 164 129 123 165 191 138 127 123 139 126 242
192 101  52  95 170 178 122 115 159 125 176 171 132 108  84 192
189  91  95 132 163 159 124  84 137  91 183 202  90 110 136 159
227 154  82  99 164 150 154  97 156 125 186 195 125 164 198 199
250 103  45  45 144 120 109 147 117 168 213 108  92 110 104 175
250 101 169  14  45  31  22 113 142 106 185 110  51  35 128 159
205  64 125  33 150 122  83 100  78  89 151 104  35   6 143 160
160  52  52  39 194 187 118  98  86 100 133  89 128 143 145 160
218 226 201 170 233 253 251 225 224 238 222 174 159 160 160 216
